3,2
3,1
3,3
10,266
10,84
10,110
10,224
10,18
10,284
10,126
10,196
9,2
9,3
8,10
8,13
8,4
8,12
8,11
8,2
8,3
58,5
58,4
58,3
58,1
20,3
20,2
20,1
19,3
19,2
19,1
12,3
12,2
12,1
11,30
11,29
11,28
11,27
11,26
11,25
11,24
11,23
11,22
11,21
11,20
11,19
11,18
11,17
11,16
11,15
11,14
11,13
11,12
11,11
11,10
11,9
11,8
11,7
11,6
11,5
11,4
11,3
11,2
11,1
10,315
10,314
10,313
10,312
10,311
10,310
10,309
10,308
10,307
10,306
10,305
10,304
10,303
10,302
10,301
10,300
10,297
10,296
10,292
10,289
10,288
10,287
10,286
10,272
10,270
10,263
10,258
10,254
10,250
10,247
10,246
10,244
10,242
10,239
10,238
10,235
10,234
10,232
10,231
18,1
10,225
18,3
10,207
10,200
10,194
14,1
10,191
14,3
10,190
13,1
